[[6.73900e+03 2.00000e+00 0.00000e+00 0.00000e+00 0.00000e+00 3.00000e+00
  6.00000e+00 4.60000e+01 7.80000e+01 2.00000e+00 0.00000e+00 0.00000e+00
  1.00000e+00 0.00000e+00 6.87700e+03]
 [4.00000e+00 6.96330e+04 2.23000e+02 1.80000e+01 1.00000e+02 2.05700e+03
  6.10000e+01 4.16000e+02 4.80000e+02 7.16000e+02 9.99000e+02 5.70000e+02
  4.00000e+02 9.40000e+01 7.57710e+04]
 [0.00000e+00 1.15000e+02 8.94000e+02 0.00000e+00 0.00000e+00 4.10000e+01
  0.00000e+00 1.30000e+01 1.70000e+01 0.00000e+00 0.00000e+00 0.00000e+00
  0.00000e+00 0.00000e+00 1.08000e+03]
 [0.00000e+00 1.80000e+01 0.00000e+00 5.97000e+02 8.00000e+00 2.15000e+02
  0.00000e+00 1.00000e+01 1.70000e+01 6.50000e+01 1.50000e+01 9.00000e+00
  2.00000e+01 2.00000e+00 9.76000e+02]
 [0.00000e+00 2.30000e+01 0.00000e+00 3.00000e+00 2.83700e+03 8.50000e+01
  4.00000e+00 1.10000e+01 1.00000e+01 3.80000e+01 1.00000e+01 1.60000e+01
  2.00000e+01 7.00000e+00 3.06400e+03]
 [3.00000e+00 1.14000e+02 5.00000e+00 5.00000e+00 8.90000e+01 1.02830e+04
  2.30000e+01 2.33000e+02 6.98000e+02 2.65000e+02 1.12000e+02 1.29000e+02
  2.14000e+02 2.20000e+01 1.21950e+04]
 [0.00000e+00 2.00000e+01 0.00000e+00 1.00000e+00 2.60000e+01 8.30000e+01
  1.10400e+03 5.93600e+03 8.43600e+03 8.20000e+01 1.20000e+01 4.00000e+01
  6.10000e+01 0.00000e+00 1.58010e+04]
 [0.00000e+00 6.00000e+00 1.00000e+00 0.00000e+00 4.00000e+00 2.00000e+01
  2.00000e+00 4.33000e+02 3.67700e+03 1.40000e+01 1.00000e+00 2.20000e+01
  2.50000e+01 0.00000e+00 4.20500e+03]
 [0.00000e+00 0.00000e+00 0.00000e+00 0.00000e+00 0.00000e+00 2.00000e+01
  0.00000e+00 3.00000e+00 5.22000e+02 3.00000e+00 0.00000e+00 6.00000e+00
  4.00000e+00 0.00000e+00 5.58000e+02]
 [0.00000e+00 2.80000e+01 0.00000e+00 0.00000e+00 2.30000e+01 2.50000e+02
  1.10000e+01 3.80000e+01 6.70000e+01 1.15000e+04 7.50000e+01 6.10000e+01
  7.40000e+01 5.00000e+00 1.21320e+04]
 [0.00000e+00 1.70000e+02 1.00000e+00 7.00000e+00 2.90000e+01 2.35000e+02
  3.00000e+00 1.50000e+01 2.00000e+01 2.07000e+02 2.23270e+04 3.58000e+02
  8.10000e+01 0.00000e+00 2.34530e+04]
 [0.00000e+00 9.70000e+01 0.00000e+00 1.80000e+01 1.10000e+01 2.42000e+02
  3.00000e+00 1.90000e+01 3.60000e+01 6.90000e+01 1.36000e+02 1.48980e+04
  3.60000e+01 4.00000e+00 1.55690e+04]
 [0.00000e+00 2.32000e+02 0.00000e+00 1.20000e+01 3.10000e+01 1.27000e+02
  6.00000e+00 2.00000e+01 6.00000e+01 7.40000e+01 1.12000e+02 2.20000e+01
  5.00500e+03 5.00000e+00 5.70600e+03]
 [0.00000e+00 2.50000e+01 0.00000e+00 0.00000e+00 0.00000e+00 1.70000e+01
  0.00000e+00 0.00000e+00 0.00000e+00 0.00000e+00 0.00000e+00 1.00000e+00
  4.00000e+00 5.55000e+02 6.02000e+02]
 [6.74600e+03 7.04830e+04 1.12400e+03 6.61000e+02 3.15800e+03 1.36780e+04
  1.22300e+03 7.19300e+03 1.41180e+04 1.30350e+04 2.37990e+04 1.61320e+04
  5.94500e+03 6.94000e+02 1.77989e+05]]